0.00296799
-0.0117056
-0.00965983
-0.00965996
-0.00966059
-0.0096607
-0.00966024
-0.00965999
-0.00965985
-0.00965963
-0.00965932
-0.00965904
-0.00965894
-0.00965884
-0.00965881
-0.00965876
-0.00965875
-0.00965875
-0.00965877
-0.00965893
-0.00965886
-0.00965954
-0.00966022
-0.00966091
-0.00966188
-0.00966298
-0.00966388
-0.00966466
-0.00966731
-0.00966897
-0.00967145
-0.00967305
-0.00967539
-0.00967712
-0.00967911
-0.00968128
-0.00968327
-0.00968681
-0.00969061
-0.00969614
-0.00970251
-0.00970857
-0.00971477
-0.0097216
-0.00972701
-0.00973225
-0.00973656
-0.00973842
-0.0097377
-0.00973617
-0.00973358
-0.00972978
-0.0097259
-0.00972226
-0.0097188
-0.00971467
-0.00970894
-0.00970224
-0.00969644
-0.00969181
-0.00968766
-0.0096836
-0.00967986
-0.00967675
-0.00967534
-0.0096731
-0.00967131
-0.00967027
-0.00966955
-0.00966867
-0.00966753
-0.00966902
-0.00966825
-0.00966796
-0.00966806
-0.00966779
-0.00966752
-0.00966801
-0.00966894
-0.00966958
-0.00966945
-0.00966914
-0.00966909
-0.00966887
-0.00966803
-0.00966853
-0.00966861
-0.00966922
-0.00967024
-0.0096714
-0.00967315
-0.0096758
-0.00967837
-0.00968102
-0.00968258
-0.00968599
-0.0096891
-0.00969105
-0.00969293
-0.0096948
-0.00969607
-0.00969709
-0.00969805
-0.00969991
-0.0097027
-0.00970507
-0.00970714
-0.00970926
-0.00971075
-0.00971092
-0.00971073
-0.00971092
-0.00971078
-0.00970975
-0.00970709
-0.00970324
-0.0096997
-0.00969622
-0.00969211
-0.00968833
-0.00968506
-0.00968142
-0.00967765
-0.00967492
-0.00967302
-0.00966994
-0.00966747
-0.0096651
-0.0096629
-0.00966142
-0.00966043
-0.00965958
-0.0096591
-0.0096589
-0.00965877
-0.0096588
-0.00965897
-0.00965912
-0.0096594
-0.00965966
-0.00965981
-0.00965988
-0.00965993
-0.00966002
-0.00966
-0.00966004
-0.00966024
-0.00966034
-0.0096603
-0.00966015
-0.00965992
-0.00965967
-0.00965935
-0.00965918
-0.00965899
-0.00965887
-0.00965879
-0.00965875
-0.00965879
-0.00965902
-0.00965945
-0.00965972
-0.0096603
-0.0096612
-0.00966208
-0.00966329
-0.00966489
-0.00966643
-0.00966849
-0.00967127
-0.00967438
-0.0096781
-0.00968223
-0.00968685
-0.00969219
-0.00969761
-0.00970307
-0.00970976
-0.00971604
-0.00972046
-0.00972584
-0.00973222
-0.00973772
-0.00974191
-0.00974517
-0.00974838
-0.00974884
-0.00974668
-0.00974359
-0.00974091
-0.00973691
-0.00973122
-0.00972476
-0.00971815
-0.00971213
-0.0097069
-0.00970144
-0.00969627
-0.00969145
-0.00968715
-0.00968479
-0.00968065
-0.00967775
-0.00967496
-0.00967257
-0.00967099
-0.00967001
-0.00966965
-0.00966909
-0.00966918
-0.00966942
-0.00967005
-0.00967109
-0.00967216
-0.00967318
-0.00967451
-0.00967572
-0.00967713
-0.00967896
-0.00968045
-0.00968175
-0.00968275
-0.00968361
-0.00968497
-0.00968622
-0.00968752
-0.00968931
-0.00969114
-0.00969357
-0.00969636
-0.0096986
-0.0097002
-0.00970107
-0.00970223
-0.00970442
-0.00970597
-0.00970711
-0.00970814
-0.00970948
-0.00971095
-0.00971246
-0.00971468
-0.00971687
-0.00971907
-0.00972386
-0.00972808
-0.00973041
-0.0097328
-0.0097335
0
0
0
0
0
0
0
0
0
0
0
0
0
0
0
0
0
0
0
0
0
0
0
0
0
0
0
0
0
0
0
0
0
0
0
0
0
0
0
0
0
0
0
0
0
0
0
0
0
0
0
0
0
0
0
0
0
0
0
0
0
0
0
0
0
0
0
0
0
0
0
0
0
0
0
0
0
0
0
0
0
0
0
0
0
0
0
0
0
0
0
0
0
0
0
0
0
0
0
0
0
0
0
0
0
0
0
0
0
0
0
0
0
0
0
0
0
0
0
0
0
0
0
0
0
0
0
0
0
0
0
0
0
0
0
0
0
0
0
0
0
0
0
0
0
0
0
0
0
0
0
0
0
0
0
0
0
0
0
0
0
0
0
0
0
0
0
0
0
0
0
0
0
0
0
0
0
0
0
0
0
0
0
0
0
0
0
0
0
0
0
0
0
0
0
0
0
0
0
0
0
0
0
0
0
0
0
0
0
0
0
0
0
0
0
0
0
0
0
0
0
0
0
0
0
0
0
0
0
0
0
0
0
0
0
0
0
0
0
0
0
0
0
0
0
0
0
